version https://git-lfs.github.com/spec/v1
oid sha256:260c29641294c816aee2c0ae7fee7b0fd68f42425b88f40a9ff325ce5b8c297c
size 92456
